(0);
(0);
(01);
(0);
(02);
(01);
(012);
(0);
(03);
(02);
(013);
(01);
(013);
(012);
(0123);
(0);
(04);
(03);
(014);
(02);
(024);
(013);
(0124);
(01);
(014);
(013);
(0134);
(012);
(0124);
(0123);
(01234);
(0);
(05);
(04);
(015);
(03);
(025);
(014);
(0125);
(02);
(025);
(024);
(0135);
(013);
(0235);
(0124);
(01235);
(01);
(015);
(014);
(0145);
(013);
(0135);
(0134);
(01245);
(012);
(0125);
(0124);
(01245);
(0123);
(01235);
(01234);
(012345);
(0);
(06);
(05);
(016);
(04);
(026);
(015);
(0126);
(03);
(036);
(025);
(0136);
(014);
(0236);
(0125);
(01236);
(02);
(026);
(025);
(0146);
(024);
(0246);
(0135);
(01246);
(013);
(0236);
(0235);
(01346);
(0124);
(02346);
(01235);
(012346);
(01);
(016);
(015);
(0156);
(014);
(0146);
(0145);
(01256);
(013);
(0136);
(0135);
(01356);
(0134);
(01346);
(01245);
(012356);
(012);
(0126);
(0125);
(01256);
(0124);
(01246);
(01245);
(012456);
(0123);
(01236);
(01235);
(012356);
(01234);
(012346);
(012345);
(0123456);
(0);
(05);
(06);
(016);
(05);
(027);
(016);
(0127);
(04);
(037);
(026);
(0137);
(015);
(0237);
(0126);
(01237);
(03);
(037);
(036);
(0147);
(025);
(0247);
(0136);
(01247);
(014);
(0347);
(0236);
(01347);
(0125);
(02347);
(01236);
(012347);
(02);
(027);
(026);
(0157);
(025);
(0257);
(0146);
(01257);
(024);
(0247);
(0246);
(01357);
(0135);
(02357);
(01246);
(012357);
(013);
(0237);
(0236);
(01457);
(0235);
(02357);
(01346);
(012457);
(0124);
(02347);
(02346);
(013457);
(01235);
(023457);
(012346);
(0123457);
(01);
(016);
(016);
(0167);
(015);
(0157);
(0156);
(01267);
(014);
(0147);
(0146);
(01367);
(0145);
(01457);
(01256);
(012367);
(013);
(0137);
(0136);
(01367);
(0135);
(01357);
(01356);
(012467);
(0134);
(01347);
(01346);
(013467);
(01245);
(013457);
(012356);
(0123467);
(012);
(0127);
(0126);
(01267);
(0125);
(01257);
(01256);
(012567);
(0124);
(01247);
(01246);
(012467);
(01245);
(012457);
(012456);
(0123567);
(0123);
(01237);
(01236);
(012367);
(01235);
(012357);
(012356);
(0123567);
(01234);
(012347);
(012346);
(0123467);
(012345);
(0123457);
(0123456);
(01234567);
(0);
(04);
(05);
(015);
(06);
(026);
(016);
(0126);
(05);
(037);
(027);
(0237);
(016);
(0137);
(0127);
(01237);
(04);
(048);
(037);
(0148);
(026);
(0248);
(0137);
(01248);
(015);
(0148);
(0237);
(01348);
(0126);
(01248);
(01237);
(012348);
(03);
(037);
(037);
(0158);
(036);
(0258);
(0147);
(01258);
(025);
(0358);
(0247);
(01358);
(0136);
(02358);
(01247);
(012358);
(014);
(0148);
(0347);
(01458);
(0236);
(02458);
(01347);
(012458);
(0125);
(03458);
(02347);
(013458);
(01236);
(023458);
(012347);
(0123458);
(02);
(026);
(027);
(0157);
(026);
(0268);
(0157);
(01268);
(025);
(0258);
(0257);
(01368);
(0146);
(02368);
(01257);
(012368);
(024);
(0248);
(0247);
(01468);
(0246);
(02468);
(01357);
(012468);
(0135);
(02458);
(02357);
(013468);
(01246);
(023468);
(012357);
(0123468);
(013);
(0137);
(0237);
(01568);
(0236);
(02368);
(01457);
(012568);
(0235);
(02358);
(02357);
(013568);
(01346);
(023568);
(012457);
(0123568);
(0124);
(01248);
(02347);
(014568);
(02346);
(023468);
(013457);
(0124568);
(01235);
(023458);
(023457);
(0134568);
(012346);
(0234568);
(0123457);
(01234568);
(01);
(015);
(016);
(0156);
(016);
(0157);
(0167);
(01267);
(015);
(0158);
(0157);
(01568);
(0156);
(01568);
(01267);
(012378);
(014);
(0148);
(0147);
(01478);
(0146);
(01468);
(01367);
(012478);
(0145);
(01458);
(01457);
(013478);
(01256);
(014568);
(012367);
(0123478);
(013);
(0237);
(0137);
(01568);
(0136);
(01368);
(01367);
(012578);
(0135);
(01358);
(01357);
(013578);
(01356);
(013568);
(012467);
(0123578);
(0134);
(01348);
(01347);
(013478);
(01346);
(013468);
(013467);
(0124578);
(01245);
(013458);
(013457);
(0134578);
(012356);
(0134568);
(0123467);
(01234578);
(012);
(0126);
(0127);
(01267);
(0126);
(01268);
(01267);
(012678);
(0125);
(01258);
(01257);
(012578);
(01256);
(012568);
(012567);
(0123678);
(0124);
(01248);
(01247);
(012478);
(01246);
(012468);
(012467);
(0124678);
(01245);
(012458);
(012457);
(0124578);
(012456);
(0124568);
(0123567);
(01234678);
(0123);
(01237);
(01237);
(012378);
(01236);
(012368);
(012367);
(0123678);
(01235);
(012358);
(012357);
(0123578);
(012356);
(0123568);
(0123567);
(01235678);
(01234);
(012348);
(012347);
(0123478);
(012346);
(0123468);
(0123467);
(01234678);
(012345);
(0123458);
(0123457);
(01234578);
(0123456);
(01234568);
(01234567);
(012345678);
(0);
(03);
(04);
(014);
(05);
(025);
(015);
(0125);
(06);
(036);
(026);
(0236);
(016);
(0136);
(0126);
(01236);
(05);
(037);
(037);
(0347);
(027);
(0247);
(0237);
(02347);
(016);
(0147);
(0137);
(01347);
(0127);
(01247);
(01237);
(012347);
(04);
(037);
(048);
(0148);
(037);
(0358);
(0148);
(03458);
(026);
(0258);
(0248);
(02458);
(0137);
(02358);
(01248);
(023458);
(015);
(0158);
(0148);
(01458);
(0237);
(01358);
(01348);
(013458);
(0126);
(01258);
(01248);
(012458);
(01237);
(012358);
(012348);
(0123458);
(03);
(036);
(037);
(0147);
(037);
(0258);
(0158);
(01258);
(036);
(0369);
(0258);
(01369);
(0147);
(01369);
(01258);
(012369);
(025);
(0258);
(0358);
(01469);
(0247);
(02469);
(01358);
(012469);
(0136);
(01369);
(02358);
(013469);
(01247);
(023469);
(012358);
(0123469);
(014);
(0147);
(0148);
(01478);
(0347);
(01469);
(01458);
(012569);
(0236);
(01369);
(02458);
(013569);
(01347);
(013469);
(012458);
(0123569);
(0125);
(01258);
(03458);
(012569);
(02347);
(012469);
(013458);
(0124569);
(01236);
(012369);
(023458);
(0123569);
(012347);
(0123469);
(0123458);
(01234569);
(02);
(025);
(026);
(0146);
(027);
(0257);
(0157);
(01257);
(026);
(0258);
(0268);
(02368);
(0157);
(01368);
(01268);
(012368);
(025);
(0358);
(0258);
(01469);
(0257);
(02479);
(01368);
(012479);
(0146);
(01469);
(02368);
(013479);
(01257);
(012479);
(012368);
(0123479);
(024);
(0247);
(0248);
(01468);
(0247);
(02479);
(01468);
(012579);
(0246);
(02469);
(02468);
(013579);
(01357);
(023579);
(012468);
(0123579);
(0135);
(01358);
(02458);
(014579);
(02357);
(024579);
(013468);
(0124579);
(01246);
(012469);
(023468);
(0134579);
(012357);
(0234579);
(0123468);
(01234579);
(013);
(0136);
(0137);
(01367);
(0237);
(01368);
(01568);
(012578);
(0236);
(01369);
(02368);
(013679);
(01457);
(023679);
(012568);
(0123679);
(0235);
(02358);
(02358);
(014679);
(02357);
(023579);
(013568);
(0124679);
(01346);
(013469);
(023568);
(0134679);
(012457);
(0234679);
(0123568);
(01234679);
(0124);
(01247);
(01248);
(012478);
(02347);
(012479);
(014568);
(0125679);
(02346);
(023469);
(023468);
(0135679);
(013457);
(0234679);
(0124568);
(01235679);
(01235);
(012358);
(023458);
(0145679);
(023457);
(0234579);
(0134568);
(01245679);
(012346);
(0123469);
(0234568);
(01345679);
(0123457);
(02345679);
(01234568);
(012345679);
(01);
(014);
(015);
(0145);
(016);
(0146);
(0156);
(01256);
(016);
(0147);
(0157);
(01457);
(0167);
(01367);
(01267);
(012367);
(015);
(0148);
(0158);
(01458);
(0157);
(01468);
(01568);
(014568);
(0156);
(01478);
(01568);
(013478);
(01267);
(012478);
(012378);
(0123478);
(014);
(0347);
(0148);
(01458);
(0147);
(01469);
(01478);
(012569);
(0146);
(01469);
(01468);
(014579);
(01367);
(014679);
(012478);
(0145679);
(0145);
(01458);
(01458);
(014589);
(01457);
(014579);
(013478);
(0134589);
(01256);
(012569);
(014568);
(0124589);
(012367);
(0145679);
(0123478);
(01234589);
(013);
(0236);
(0237);
(01457);
(0137);
(02368);
(01568);
(012568);
(0136);
(01369);
(01368);
(023679);
(01367);
(013679);
(012578);
(0123679);
(0135);
(02458);
(01358);
(014579);
(01357);
(013579);
(013578);
(0124689);
(01356);
(013569);
(013568);
(0134689);
(012467);
(0135679);
(0123578);
(01234689);
(0134);
(01347);
(01348);
(013478);
(01347);
(013479);
(013478);
(0125689);
(01346);
(013469);
(013468);
(0134689);
(013467);
(0134679);
(0124578);
(01235689);
(01245);
(012458);
(013458);
(0134589);
(013457);
(0134579);
(0134578);
(01245689);
(012356);
(0123569);
(0134568);
(01345689);
(0123467);
(01345679);
(01234578);
(012345689);
(012);
(0125);
(0126);
(01256);
(0127);
(01257);
(01267);
(012567);
(0126);
(01258);
(01268);
(012568);
(01267);
(012578);
(012678);
(0123678);
(0125);
(03458);
(01258);
(012569);
(01257);
(012579);
(012578);
(0125679);
(01256);
(012569);
(012568);
(0125689);
(012567);
(0125679);
(0123678);
(01234789);
(0124);
(02347);
(01248);
(014568);
(01247);
(012479);
(012478);
(0125679);
(01246);
(012469);
(012468);
(0124689);
(012467);
(0124679);
(0124678);
(01235789);
(01245);
(013458);
(012458);
(0124589);
(012457);
(0124579);
(0124578);
(01245789);
(012456);
(0124569);
(0124568);
(01245689);
(0123567);
(01245679);
(01234678);
(012345789);
(0123);
(01236);
(01237);
(012367);
(01237);
(012368);
(012378);
(0123678);
(01236);
(012369);
(012368);
(0123679);
(012367);
(0123679);
(0123678);
(01236789);
(01235);
(023458);
(012358);
(0145679);
(012357);
(0123579);
(0123578);
(01235789);
(012356);
(0123569);
(0123568);
(01235689);
(0123567);
(01235679);
(01235678);
(012356789);
(01234);
(012347);
(012348);
(0123478);
(012347);
(0123479);
(0123478);
(01234789);
(012346);
(0123469);
(0123468);
(01234689);
(0123467);
(01234679);
(01234678);
(012346789);
(012345);
(0123458);
(0123458);
(01234589);
(0123457);
(01234579);
(01234578);
(012345789);
(0123456);
(01234569);
(01234568);
(012345689);
(01234567);
(012345679);
(012345678);
(0123456789);
(0);
(02);
(03);
(013);
(04);
(024);
(014);
(0124);
(05);
(025);
(025);
(0235);
(015);
(0135);
(0125);
(01235);
(06);
(026);
(036);
(0236);
(026);
(0246);
(0236);
(02346);
(016);
(0146);
(0136);
(01346);
(0126);
(01246);
(01236);
(012346);
(05);
(027);
(037);
(0237);
(037);
(0247);
(0347);
(02347);
(027);
(0257);
(0247);
(02357);
(0237);
(02357);
(02347);
(023457);
(016);
(0157);
(0147);
(01457);
(0137);
(01357);
(01347);
(013457);
(0127);
(01257);
(01247);
(012457);
(01237);
(012357);
(012347);
(0123457);
(04);
(026);
(037);
(0137);
(048);
(0248);
(0148);
(01248);
(037);
(0258);
(0358);
(02358);
(0148);
(02458);
(03458);
(023458);
(026);
(0268);
(0258);
(02368);
(0248);
(02468);
(02458);
(023468);
(0137);
(02368);
(02358);
(023568);
(01248);
(023468);
(023458);
(0234568);
(015);
(0157);
(0158);
(01568);
(0148);
(01468);
(01458);
(014568);
(0237);
(01368);
(01358);
(013568);
(01348);
(013468);
(013458);
(0134568);
(0126);
(01268);
(01258);
(012568);
(01248);
(012468);
(012458);
(0124568);
(01237);
(012368);
(012358);
(0123568);
(012348);
(0123468);
(0123458);
(01234568);
(03);
(025);
(036);
(0136);
(037);
(0247);
(0147);
(01247);
(037);
(0358);
(0258);
(02358);
(0158);
(01358);
(01258);
(012358);
(036);
(0258);
(0369);
(01369);
(0258);
(02469);
(01369);
(023469);
(0147);
(01469);
(01369);
(013469);
(01258);
(012469);
(012369);
(0123469);
(025);
(0257);
(0258);
(01368);
(0358);
(02479);
(01469);
(012479);
(0247);
(02479);
(02469);
(023579);
(01358);
(024579);
(012469);
(0234579);
(0136);
(01368);
(01369);
(023679);
(02358);
(023579);
(013469);
(0234679);
(01247);
(012479);
(023469);
(0234679);
(012358);
(0234579);
(0123469);
(02345679);
(014);
(0146);
(0147);
(01367);
(0148);
(01468);
(01478);
(012478);
(0347);
(01469);
(01469);
(014679);
(01458);
(014579);
(012569);
(0145679);
(0236);
(02368);
(01369);
(013679);
(02458);
(013579);
(013569);
(0135679);
(01347);
(013479);
(013469);
(0134679);
(012458);
(0134579);
(0123569);
(01345679);
(0125);
(01257);
(01258);
(012578);
(03458);
(012579);
(012569);
(0125679);
(02347);
(012479);
(012469);
(0124679);
(013458);
(0124579);
(0124569);
(01245679);
(01236);
(012368);
(012369);
(0123679);
(023458);
(0123579);
(0123569);
(01235679);
(012347);
(0123479);
(0123469);
(01234679);
(0123458);
(01234579);
(01234569);
(012345679);
(02);
(024);
(025);
(0135);
(026);
(0246);
(0146);
(01246);
(027);
(0247);
(0257);
(02357);
(0157);
(01357);
(01257);
(012357);
(026);
(0248);
(0258);
(02458);
(0268);
(02468);
(02368);
(023468);
(0157);
(01468);
(01368);
(013468);
(01268);
(012468);
(012368);
(0123468);
(025);
(0247);
(0358);
(01358);
(0258);
(02469);
(01469);
(012469);
(0257);
(02479);
(02479);
(024579);
(01368);
(023579);
(012479);
(0234579);
(0146);
(01468);
(01469);
(014579);
(02368);
(013579);
(013479);
(0134579);
(01257);
(012579);
(012479);
(0124579);
(012368);
(0123579);
(0123479);
(01234579);
(024);
(0246);
(0247);
(01357);
(0248);
(02468);
(01468);
(012468);
(0247);
(02469);
(02479);
(023579);
(01468);
(013579);
(012579);
(0123579);
(0246);
(02468);
(02469);
(013579);
(02468);
(02468T);
(013579);
(012468T);
(01357);
(013579);
(023579);
(013468T);
(012468);
(012468T);
(0123579);
(0123468T);
(0135);
(01357);
(01358);
(013578);
(02458);
(013579);
(014579);
(0124689);
(02357);
(023579);
(024579);
(013568T);
(013468);
(013468T);
(0124579);
(0134568T);
(01246);
(012468);
(012469);
(0124689);
(023468);
(012468T);
(0134579);
(0124568T);
(012357);
(0123579);
(0234579);
(0123568T);
(0123468);
(0123468T);
(01234579);
(01234568T);
(013);
(0135);
(0136);
(01356);
(0137);
(01357);
(01367);
(012467);
(0237);
(01358);
(01368);
(013568);
(01568);
(013578);
(012578);
(0123578);
(0236);
(02458);
(01369);
(013569);
(02368);
(013579);
(013679);
(0135679);
(01457);
(014579);
(023679);
(0134689);
(012568);
(0124689);
(0123679);
(01234689);
(0235);
(02357);
(02358);
(013568);
(02358);
(023579);
(014679);
(0124679);
(02357);
(024579);
(023579);
(013568T);
(013568);
(013568T);
(0124679);
(0123578T);
(01346);
(013468);
(013469);
(0134689);
(023568);
(013468T);
(0134679);
(0124578T);
(012457);
(0124579);
(0234679);
(0134578T);
(0123568);
(0134568T);
(01234679);
(01234578T);
(0124);
(01246);
(01247);
(012467);
(01248);
(012468);
(012478);
(0124678);
(02347);
(012469);
(012479);
(0124679);
(014568);
(0124689);
(0125679);
(01235789);
(02346);
(023468);
(023469);
(0135679);
(023468);
(023468T);
(0135679);
(0124678T);
(013457);
(0134579);
(0234679);
(0124578T);
(0124568);
(0124568T);
(01235679);
(01245678T);
(01235);
(012357);
(012358);
(0123578);
(023458);
(0123579);
(0145679);
(01235789);
(023457);
(0234579);
(0234579);
(0123578T);
(0134568);
(0123568T);
(01245679);
(01235678T);
(012346);
(0123468);
(0123469);
(01234689);
(0234568);
(0123468T);
(01345679);
(01234678T);
(0123457);
(01234579);
(02345679);
(01234578T);
(01234568);
(01234568T);
(012345679);
(012345678T);
(01);
(013);
(014);
(0134);
(015);
(0135);
(0145);
(01245);
(016);
(0136);
(0146);
(01346);
(0156);
(01356);
(01256);
(012356);
(016);
(0137);
(0147);
(01347);
(0157);
(01357);
(01457);
(013457);
(0167);
(01367);
(01367);
(013467);
(01267);
(012467);
(012367);
(0123467);
(015);
(0237);
(0148);
(01348);
(0158);
(01358);
(01458);
(013458);
(0157);
(01368);
(01468);
(013468);
(01568);
(013568);
(014568);
(0134568);
(0156);
(01568);
(01478);
(013478);
(01568);
(013578);
(013478);
(0134578);
(01267);
(012578);
(012478);
(0124578);
(012378);
(0123578);
(0123478);
(01234578);
(014);
(0236);
(0347);
(01347);
(0148);
(02458);
(01458);
(012458);
(0147);
(01369);
(01469);
(013469);
(01478);
(013569);
(012569);
(0123569);
(0146);
(02368);
(01469);
(013479);
(01468);
(013579);
(014579);
(0134579);
(01367);
(013679);
(014679);
(0134679);
(012478);
(0135679);
(0145679);
(01345679);
(0145);
(01457);
(01458);
(013478);
(01458);
(014579);
(014589);
(0124589);
(01457);
(023679);
(014579);
(0134689);
(013478);
(0134689);
(0134589);
(01345689);
(01256);
(012568);
(012569);
(0125689);
(014568);
(0124689);
(0124589);
(01245689);
(012367);
(0123679);
(0145679);
(01235689);
(0123478);
(01234689);
(01234589);
(012345689);
(013);
(0235);
(0236);
(01346);
(0237);
(02357);
(01457);
(012457);
(0137);
(02358);
(02368);
(023568);
(01568);
(013568);
(012568);
(0123568);
(0136);
(02358);
(01369);
(013469);
(01368);
(023579);
(023679);
(0234679);
(01367);
(014679);
(013679);
(0134679);
(012578);
(0124679);
(0123679);
(01234679);
(0135);
(02357);
(02458);
(013468);
(01358);
(024579);
(014579);
(0124579);
(01357);
(023579);
(013579);
(013468T);
(013578);
(013568T);
(0124689);
(0123568T);
(01356);
(013568);
(013569);
(0134689);
(013568);
(013568T);
(0134689);
(0134578T);
(012467);
(0124679);
(0135679);
(0124578T);
(0123578);
(0123578T);
(01234689);
(01234578T);
(0134);
(01346);
(01347);
(013467);
(01348);
(013468);
(013478);
(0124578);
(01347);
(013469);
(013479);
(0134679);
(013478);
(0134689);
(0125689);
(01235689);
(01346);
(023568);
(013469);
(0134679);
(013468);
(013468T);
(0134689);
(0124578T);
(013467);
(0134679);
(0134679);
(0134679T);
(0124578);
(0124578T);
(01235689);
(01234679T);
(01245);
(012457);
(012458);
(0124578);
(013458);
(0124579);
(0134589);
(01245789);
(013457);
(0234679);
(0134579);
(0124578T);
(0134578);
(0134578T);
(01245689);
(01245679T);
(012356);
(0123568);
(0123569);
(01235689);
(0134568);
(0134568T);
(01345689);
(01235679T);
(0123467);
(01234679);
(01345679);
(01345679T);
(01234578);
(01234578T);
(012345689);
(012345679T);
(012);
(0124);
(0125);
(01245);
(0126);
(01246);
(01256);
(012456);
(0127);
(01247);
(01257);
(012457);
(01267);
(012467);
(012567);
(0123567);
(0126);
(01248);
(01258);
(012458);
(01268);
(012468);
(012568);
(0124568);
(01267);
(012478);
(012578);
(0124578);
(012678);
(0124678);
(0123678);
(01234678);
(0125);
(02347);
(03458);
(013458);
(01258);
(012469);
(012569);
(0124569);
(01257);
(012479);
(012579);
(0124579);
(012578);
(0124679);
(0125679);
(01245679);
(01256);
(014568);
(012569);
(0134589);
(012568);
(0124689);
(0125689);
(01245689);
(012567);
(0125679);
(0125679);
(01245789);
(0123678);
(01235789);
(01234789);
(012345789);
(0124);
(02346);
(02347);
(013457);
(01248);
(023468);
(014568);
(0124568);
(01247);
(023469);
(012479);
(0234679);
(012478);
(0135679);
(0125679);
(01235679);
(01246);
(023468);
(012469);
(0134579);
(012468);
(012468T);
(0124689);
(0124568T);
(012467);
(0135679);
(0124679);
(0124578T);
(0124678);
(0124678T);
(01235789);
(01234678T);
(01245);
(013457);
(013458);
(0134578);
(012458);
(0134579);
(0124589);
(01245689);
(012457);
(0234679);
(0124579);
(0134578T);
(0124578);
(0124578T);
(01245789);
(01235679T);
(012456);
(0124568);
(0124569);
(01245689);
(0124568);
(0124568T);
(01245689);
(01245689T);
(0123567);
(01235679);
(01245679);
(01245679T);
(01234678);
(01245678T);
(012345789);
(012345689T);
(0123);
(01235);
(01236);
(012356);
(01237);
(012357);
(012367);
(0123567);
(01237);
(012358);
(012368);
(0123568);
(012378);
(0123578);
(0123678);
(01235678);
(01236);
(023458);
(012369);
(0123569);
(012368);
(0123579);
(0123679);
(01235679);
(012367);
(0145679);
(0123679);
(01235689);
(0123678);
(01235789);
(01236789);
(012346789);
(01235);
(023457);
(023458);
(0134568);
(012358);
(0234579);
(0145679);
(01245679);
(012357);
(0234579);
(0123579);
(0134568T);
(0123578);
(0123578T);
(01235789);
(01235678T);
(012356);
(0134568);
(0123569);
(01345689);
(0123568);
(0123568T);
(01235689);
(01245679T);
(0123567);
(01245679);
(01235679);
(01235679T);
(01235678);
(01235678T);
(012356789);
(012356789T);
(01234);
(012346);
(012347);
(0123467);
(012348);
(0123468);
(0123478);
(01234678);
(012347);
(0123469);
(0123479);
(01234679);
(0123478);
(01234689);
(01234789);
(012356789);
(012346);
(0234568);
(0123469);
(01345679);
(0123468);
(0123468T);
(01234689);
(01245678T);
(0123467);
(01345679);
(01234679);
(01234679T);
(01234678);
(01234678T);
(012346789);
(012346789T);
(012345);
(0123457);
(0123458);
(01234578);
(0123458);
(01234579);
(01234589);
(012345789);
(0123457);
(02345679);
(01234579);
(01234578T);
(01234578);
(01234578T);
(012345789);
(012345789T);
(0123456);
(01234568);
(01234569);
(012345689);
(01234568);
(01234568T);
(012345689);
(012345689T);
(01234567);
(012345679);
(012345679);
(012345679T);
(012345678);
(012345678T);
(0123456789);
(0123456789T);
(0);
(01);
(02);
(012);
(03);
(013);
(013);
(0123);
(04);
(014);
(024);
(0124);
(014);
(0134);
(0124);
(01234);
(05);
(015);
(025);
(0125);
(025);
(0135);
(0235);
(01235);
(015);
(0145);
(0135);
(01245);
(0125);
(01245);
(01235);
(012345);
(06);
(016);
(026);
(0126);
(036);
(0136);
(0236);
(01236);
(026);
(0146);
(0246);
(01246);
(0236);
(01346);
(02346);
(012346);
(016);
(0156);
(0146);
(01256);
(0136);
(01356);
(01346);
(012356);
(0126);
(01256);
(01246);
(012456);
(01236);
(012356);
(012346);
(0123456);
(05);
(016);
(027);
(0127);
(037);
(0137);
(0237);
(01237);
(037);
(0147);
(0247);
(01247);
(0347);
(01347);
(02347);
(012347);
(027);
(0157);
(0257);
(01257);
(0247);
(01357);
(02357);
(012357);
(0237);
(01457);
(02357);
(012457);
(02347);
(013457);
(023457);
(0123457);
(016);
(0167);
(0157);
(01267);
(0147);
(01367);
(01457);
(012367);
(0137);
(01367);
(01357);
(012467);
(01347);
(013467);
(013457);
(0123467);
(0127);
(01267);
(01257);
(012567);
(01247);
(012467);
(012457);
(0123567);
(01237);
(012367);
(012357);
(0123567);
(012347);
(0123467);
(0123457);
(01234567);
(04);
(015);
(026);
(0126);
(037);
(0237);
(0137);
(01237);
(048);
(0148);
(0248);
(01248);
(0148);
(01348);
(01248);
(012348);
(037);
(0158);
(0258);
(01258);
(0358);
(01358);
(02358);
(012358);
(0148);
(01458);
(02458);
(012458);
(03458);
(013458);
(023458);
(0123458);
(026);
(0157);
(0268);
(01268);
(0258);
(01368);
(02368);
(012368);
(0248);
(01468);
(02468);
(012468);
(02458);
(013468);
(023468);
(0123468);
(0137);
(01568);
(02368);
(012568);
(02358);
(013568);
(023568);
(0123568);
(01248);
(014568);
(023468);
(0124568);
(023458);
(0134568);
(0234568);
(01234568);
(015);
(0156);
(0157);
(01267);
(0158);
(01568);
(01568);
(012378);
(0148);
(01478);
(01468);
(012478);
(01458);
(013478);
(014568);
(0123478);
(0237);
(01568);
(01368);
(012578);
(01358);
(013578);
(013568);
(0123578);
(01348);
(013478);
(013468);
(0124578);
(013458);
(0134578);
(0134568);
(01234578);
(0126);
(01267);
(01268);
(012678);
(01258);
(012578);
(012568);
(0123678);
(01248);
(012478);
(012468);
(0124678);
(012458);
(0124578);
(0124568);
(01234678);
(01237);
(012378);
(012368);
(0123678);
(012358);
(0123578);
(0123568);
(01235678);
(012348);
(0123478);
(0123468);
(01234678);
(0123458);
(01234578);
(01234568);
(012345678);
(03);
(014);
(025);
(0125);
(036);
(0236);
(0136);
(01236);
(037);
(0347);
(0247);
(02347);
(0147);
(01347);
(01247);
(012347);
(037);
(0148);
(0358);
(03458);
(0258);
(02458);
(02358);
(023458);
(0158);
(01458);
(01358);
(013458);
(01258);
(012458);
(012358);
(0123458);
(036);
(0147);
(0258);
(01258);
(0369);
(01369);
(01369);
(012369);
(0258);
(01469);
(02469);
(012469);
(01369);
(013469);
(023469);
(0123469);
(0147);
(01478);
(01469);
(012569);
(01369);
(013569);
(013469);
(0123569);
(01258);
(012569);
(012469);
(0124569);
(012369);
(0123569);
(0123469);
(01234569);
(025);
(0146);
(0257);
(01257);
(0258);
(02368);
(01368);
(012368);
(0358);
(01469);
(02479);
(012479);
(01469);
(013479);
(012479);
(0123479);
(0247);
(01468);
(02479);
(012579);
(02469);
(013579);
(023579);
(0123579);
(01358);
(014579);
(024579);
(0124579);
(012469);
(0134579);
(0234579);
(01234579);
(0136);
(01367);
(01368);
(012578);
(01369);
(013679);
(023679);
(0123679);
(02358);
(014679);
(023579);
(0124679);
(013469);
(0134679);
(0234679);
(01234679);
(01247);
(012478);
(012479);
(0125679);
(023469);
(0135679);
(0234679);
(01235679);
(012358);
(0145679);
(0234579);
(01245679);
(0123469);
(01345679);
(02345679);
(012345679);
(014);
(0145);
(0146);
(01256);
(0147);
(01457);
(01367);
(012367);
(0148);
(01458);
(01468);
(014568);
(01478);
(013478);
(012478);
(0123478);
(0347);
(01458);
(01469);
(012569);
(01469);
(014579);
(014679);
(0145679);
(01458);
(014589);
(014579);
(0134589);
(012569);
(0124589);
(0145679);
(01234589);
(0236);
(01457);
(02368);
(012568);
(01369);
(023679);
(013679);
(0123679);
(02458);
(014579);
(013579);
(0124689);
(013569);
(0134689);
(0135679);
(01234689);
(01347);
(013478);
(013479);
(0125689);
(013469);
(0134689);
(0134679);
(01235689);
(012458);
(0134589);
(0134579);
(01245689);
(0123569);
(01345689);
(01345679);
(012345689);
(0125);
(01256);
(01257);
(012567);
(01258);
(012568);
(012578);
(0123678);
(03458);
(012569);
(012579);
(0125679);
(012569);
(0125689);
(0125679);
(01234789);
(02347);
(014568);
(012479);
(0125679);
(012469);
(0124689);
(0124679);
(01235789);
(013458);
(0124589);
(0124579);
(01245789);
(0124569);
(01245689);
(01245679);
(012345789);
(01236);
(012367);
(012368);
(0123678);
(012369);
(0123679);
(0123679);
(01236789);
(023458);
(0145679);
(0123579);
(01235789);
(0123569);
(01235689);
(01235679);
(012356789);
(012347);
(0123478);
(0123479);
(01234789);
(0123469);
(01234689);
(01234679);
(012346789);
(0123458);
(01234589);
(01234579);
(012345789);
(01234569);
(012345689);
(012345679);
(0123456789);
(02);
(013);
(024);
(0124);
(025);
(0235);
(0135);
(01235);
(026);
(0236);
(0246);
(02346);
(0146);
(01346);
(01246);
(012346);
(027);
(0237);
(0247);
(02347);
(0257);
(02357);
(02357);
(023457);
(0157);
(01457);
(01357);
(013457);
(01257);
(012457);
(012357);
(0123457);
(026);
(0137);
(0248);
(01248);
(0258);
(02358);
(02458);
(023458);
(0268);
(02368);
(02468);
(023468);
(02368);
(023568);
(023468);
(0234568);
(0157);
(01568);
(01468);
(014568);
(01368);
(013568);
(013468);
(0134568);
(01268);
(012568);
(012468);
(0124568);
(012368);
(0123568);
(0123468);
(01234568);
(025);
(0136);
(0247);
(01247);
(0358);
(02358);
(01358);
(012358);
(0258);
(01369);
(02469);
(023469);
(01469);
(013469);
(012469);
(0123469);
(0257);
(01368);
(02479);
(012479);
(02479);
(023579);
(024579);
(0234579);
(01368);
(023679);
(023579);
(0234679);
(012479);
(0234679);
(0234579);
(02345679);
(0146);
(01367);
(01468);
(012478);
(01469);
(014679);
(014579);
(0145679);
(02368);
(013679);
(013579);
(0135679);
(013479);
(0134679);
(0134579);
(01345679);
(01257);
(012578);
(012579);
(0125679);
(012479);
(0124679);
(0124579);
(01245679);
(012368);
(0123679);
(0123579);
(01235679);
(0123479);
(01234679);
(01234579);
(012345679);
(024);
(0135);
(0246);
(01246);
(0247);
(02357);
(01357);
(012357);
(0248);
(02458);
(02468);
(023468);
(01468);
(013468);
(012468);
(0123468);
(0247);
(01358);
(02469);
(012469);
(02479);
(024579);
(023579);
(0234579);
(01468);
(014579);
(013579);
(0134579);
(012579);
(0124579);
(0123579);
(01234579);
(0246);
(01357);
(02468);
(012468);
(02469);
(023579);
(013579);
(0123579);
(02468);
(013579);
(02468T);
(012468T);
(013579);
(013468T);
(012468T);
(0123468T);
(01357);
(013578);
(013579);
(0124689);
(023579);
(013568T);
(013468T);
(0134568T);
(012468);
(0124689);
(012468T);
(0124568T);
(0123579);
(0123568T);
(0123468T);
(01234568T);
(0135);
(01356);
(01357);
(012467);
(01358);
(013568);
(013578);
(0123578);
(02458);
(013569);
(013579);
(0135679);
(014579);
(0134689);
(0124689);
(01234689);
(02357);
(013568);
(023579);
(0124679);
(024579);
(013568T);
(013568T);
(0123578T);
(013468);
(0134689);
(013468T);
(0124578T);
(0124579);
(0134578T);
(0134568T);
(01234578T);
(01246);
(012467);
(012468);
(0124678);
(012469);
(0124679);
(0124689);
(01235789);
(023468);
(0135679);
(012468T);
(0124678T);
(0134579);
(0124578T);
(0124568T);
(01245678T);
(012357);
(0123578);
(0123579);
(01235789);
(0234579);
(0123578T);
(0123568T);
(01235678T);
(0123468);
(01234689);
(0123468T);
(01234678T);
(01234579);
(01234578T);
(01234568T);
(012345678T);
(013);
(0134);
(0135);
(01245);
(0136);
(01346);
(01356);
(012356);
(0137);
(01347);
(01357);
(013457);
(01367);
(013467);
(012467);
(0123467);
(0237);
(01348);
(01358);
(013458);
(01368);
(013468);
(013568);
(0134568);
(01568);
(013478);
(013578);
(0134578);
(012578);
(0124578);
(0123578);
(01234578);
(0236);
(01347);
(02458);
(012458);
(01369);
(013469);
(013569);
(0123569);
(02368);
(013479);
(013579);
(0134579);
(013679);
(0134679);
(0135679);
(01345679);
(01457);
(013478);
(014579);
(0124589);
(023679);
(0134689);
(0134689);
(01345689);
(012568);
(0125689);
(0124689);
(01245689);
(0123679);
(01235689);
(01234689);
(012345689);
(0235);
(01346);
(02357);
(012457);
(02358);
(023568);
(013568);
(0123568);
(02358);
(013469);
(023579);
(0234679);
(014679);
(0134679);
(0124679);
(01234679);
(02357);
(013468);
(024579);
(0124579);
(023579);
(013468T);
(013568T);
(0123568T);
(013568);
(0134689);
(013568T);
(0134578T);
(0124679);
(0124578T);
(0123578T);
(01234578T);
(01346);
(013467);
(013468);
(0124578);
(013469);
(0134679);
(0134689);
(01235689);
(023568);
(0134679);
(013468T);
(0124578T);
(0134679);
(0134679T);
(0124578T);
(01234679T);
(012457);
(0124578);
(0124579);
(01245789);
(0234679);
(0124578T);
(0134578T);
(01245679T);
(0123568);
(01235689);
(0134568T);
(01235679T);
(01234679);
(01234679T);
(01234578T);
(012345679T);
(0124);
(01245);
(01246);
(012456);
(01247);
(012457);
(012467);
(0123567);
(01248);
(012458);
(012468);
(0124568);
(012478);
(0124578);
(0124678);
(01234678);
(02347);
(013458);
(012469);
(0124569);
(012479);
(0124579);
(0124679);
(01245679);
(014568);
(0134589);
(0124689);
(01245689);
(0125679);
(01245789);
(01235789);
(012345789);
(02346);
(013457);
(023468);
(0124568);
(023469);
(0234679);
(0135679);
(01235679);
(023468);
(0134579);
(023468T);
(0124568T);
(0135679);
(0124578T);
(0124678T);
(01234678T);
(013457);
(0134578);
(0134579);
(01245689);
(0234679);
(0134578T);
(0124578T);
(01235679T);
(0124568);
(01245689);
(0124568T);
(01245689T);
(01235679);
(01245679T);
(01245678T);
(012345689T);
(01235);
(012356);
(012357);
(0123567);
(012358);
(0123568);
(0123578);
(01235678);
(023458);
(0123569);
(0123579);
(01235679);
(0145679);
(01235689);
(01235789);
(012346789);
(023457);
(0134568);
(0234579);
(01245679);
(0234579);
(0134568T);
(0123578T);
(01235678T);
(0134568);
(01345689);
(0123568T);
(01245679T);
(01245679);
(01235679T);
(01235678T);
(012345789T);
(012346);
(0123467);
(0123468);
(01234678);
(0123469);
(01234679);
(01234689);
(012356789);
(0234568);
(01345679);
(0123468T);
(01245678T);
(01345679);
(01345679T);
(01234678T);
(012346789T);
(0123457);
(01234578);
(01234579);
(012345789);
(02345679);
(01234578T);
(01234578T);
(012356789T);
(01234568);
(012345689);
(01234568T);
(012345689T);
(012345679);
(012345679T);
(012345678T);
(0123456789T);
(01);
(012);
(013);
(0123);
(014);
(0124);
(0134);
(01234);
(015);
(0125);
(0135);
(01235);
(0145);
(01245);
(01245);
(012345);
(016);
(0126);
(0136);
(01236);
(0146);
(01246);
(01346);
(012346);
(0156);
(01256);
(01356);
(012356);
(01256);
(012456);
(012356);
(0123456);
(016);
(0127);
(0137);
(01237);
(0147);
(01247);
(01347);
(012347);
(0157);
(01257);
(01357);
(012357);
(01457);
(012457);
(013457);
(0123457);
(0167);
(01267);
(01367);
(012367);
(01367);
(012467);
(013467);
(0123467);
(01267);
(012567);
(012467);
(0123567);
(012367);
(0123567);
(0123467);
(01234567);
(015);
(0126);
(0237);
(01237);
(0148);
(01248);
(01348);
(012348);
(0158);
(01258);
(01358);
(012358);
(01458);
(012458);
(013458);
(0123458);
(0157);
(01268);
(01368);
(012368);
(01468);
(012468);
(013468);
(0123468);
(01568);
(012568);
(013568);
(0123568);
(014568);
(0124568);
(0134568);
(01234568);
(0156);
(01267);
(01568);
(012378);
(01478);
(012478);
(013478);
(0123478);
(01568);
(012578);
(013578);
(0123578);
(013478);
(0124578);
(0134578);
(01234578);
(01267);
(012678);
(012578);
(0123678);
(012478);
(0124678);
(0124578);
(01234678);
(012378);
(0123678);
(0123578);
(01235678);
(0123478);
(01234678);
(01234578);
(012345678);
(014);
(0125);
(0236);
(01236);
(0347);
(02347);
(01347);
(012347);
(0148);
(03458);
(02458);
(023458);
(01458);
(013458);
(012458);
(0123458);
(0147);
(01258);
(01369);
(012369);
(01469);
(012469);
(013469);
(0123469);
(01478);
(012569);
(013569);
(0123569);
(012569);
(0124569);
(0123569);
(01234569);
(0146);
(01257);
(02368);
(012368);
(01469);
(012479);
(013479);
(0123479);
(01468);
(012579);
(013579);
(0123579);
(014579);
(0124579);
(0134579);
(01234579);
(01367);
(012578);
(013679);
(0123679);
(014679);
(0124679);
(0134679);
(01234679);
(012478);
(0125679);
(0135679);
(01235679);
(0145679);
(01245679);
(01345679);
(012345679);
(0145);
(01256);
(01457);
(012367);
(01458);
(014568);
(013478);
(0123478);
(01458);
(012569);
(014579);
(0145679);
(014589);
(0134589);
(0124589);
(01234589);
(01457);
(012568);
(023679);
(0123679);
(014579);
(0124689);
(0134689);
(01234689);
(013478);
(0125689);
(0134689);
(01235689);
(0134589);
(01245689);
(01345689);
(012345689);
(01256);
(012567);
(012568);
(0123678);
(012569);
(0125679);
(0125689);
(01234789);
(014568);
(0125679);
(0124689);
(01235789);
(0124589);
(01245789);
(01245689);
(012345789);
(012367);
(0123678);
(0123679);
(01236789);
(0145679);
(01235789);
(01235689);
(012356789);
(0123478);
(01234789);
(01234689);
(012346789);
(01234589);
(012345789);
(012345689);
(0123456789);
(013);
(0124);
(0235);
(01235);
(0236);
(02346);
(01346);
(012346);
(0237);
(02347);
(02357);
(023457);
(01457);
(013457);
(012457);
(0123457);
(0137);
(01248);
(02358);
(023458);
(02368);
(023468);
(023568);
(0234568);
(01568);
(014568);
(013568);
(0134568);
(012568);
(0124568);
(0123568);
(01234568);
(0136);
(01247);
(02358);
(012358);
(01369);
(023469);
(013469);
(0123469);
(01368);
(012479);
(023579);
(0234579);
(023679);
(0234679);
(0234679);
(02345679);
(01367);
(012478);
(014679);
(0145679);
(013679);
(0135679);
(0134679);
(01345679);
(012578);
(0125679);
(0124679);
(01245679);
(0123679);
(01235679);
(01234679);
(012345679);
(0135);
(01246);
(02357);
(012357);
(02458);
(023468);
(013468);
(0123468);
(01358);
(012469);
(024579);
(0234579);
(014579);
(0134579);
(0124579);
(01234579);
(01357);
(012468);
(023579);
(0123579);
(013579);
(012468T);
(013468T);
(0123468T);
(013578);
(0124689);
(013568T);
(0134568T);
(0124689);
(0124568T);
(0123568T);
(01234568T);
(01356);
(012467);
(013568);
(0123578);
(013569);
(0135679);
(0134689);
(01234689);
(013568);
(0124679);
(013568T);
(0123578T);
(0134689);
(0124578T);
(0134578T);
(01234578T);
(012467);
(0124678);
(0124679);
(01235789);
(0135679);
(0124678T);
(0124578T);
(01245678T);
(0123578);
(01235789);
(0123578T);
(01235678T);
(01234689);
(01234678T);
(01234578T);
(012345678T);
(0134);
(01245);
(01346);
(012356);
(01347);
(013457);
(013467);
(0123467);
(01348);
(013458);
(013468);
(0134568);
(013478);
(0134578);
(0124578);
(01234578);
(01347);
(012458);
(013469);
(0123569);
(013479);
(0134579);
(0134679);
(01345679);
(013478);
(0124589);
(0134689);
(01345689);
(0125689);
(01245689);
(01235689);
(012345689);
(01346);
(012457);
(023568);
(0123568);
(013469);
(0234679);
(0134679);
(01234679);
(013468);
(0124579);
(013468T);
(0123568T);
(0134689);
(0134578T);
(0124578T);
(01234578T);
(013467);
(0124578);
(0134679);
(01235689);
(0134679);
(0124578T);
(0134679T);
(01234679T);
(0124578);
(01245789);
(0124578T);
(01245679T);
(01235689);
(01235679T);
(01234679T);
(012345679T);
(01245);
(012456);
(012457);
(0123567);
(012458);
(0124568);
(0124578);
(01234678);
(013458);
(0124569);
(0124579);
(01245679);
(0134589);
(01245689);
(01245789);
(012345789);
(013457);
(0124568);
(0234679);
(01235679);
(0134579);
(0124568T);
(0124578T);
(01234678T);
(0134578);
(01245689);
(0134578T);
(01235679T);
(01245689);
(01245689T);
(01245679T);
(012345689T);
(012356);
(0123567);
(0123568);
(01235678);
(0123569);
(01235679);
(01235689);
(012346789);
(0134568);
(01245679);
(0134568T);
(01235678T);
(01345689);
(01245679T);
(01235679T);
(012345789T);
(0123467);
(01234678);
(01234679);
(012356789);
(01345679);
(01245678T);
(01345679T);
(012346789T);
(01234578);
(012345789);
(01234578T);
(012356789T);
(012345689);
(012345689T);
(012345679T);
(0123456789T);
(012);
(0123);
(0124);
(01234);
(0125);
(01235);
(01245);
(012345);
(0126);
(01236);
(01246);
(012346);
(01256);
(012356);
(012456);
(0123456);
(0127);
(01237);
(01247);
(012347);
(01257);
(012357);
(012457);
(0123457);
(01267);
(012367);
(012467);
(0123467);
(012567);
(0123567);
(0123567);
(01234567);
(0126);
(01237);
(01248);
(012348);
(01258);
(012358);
(012458);
(0123458);
(01268);
(012368);
(012468);
(0123468);
(012568);
(0123568);
(0124568);
(01234568);
(01267);
(012378);
(012478);
(0123478);
(012578);
(0123578);
(0124578);
(01234578);
(012678);
(0123678);
(0124678);
(01234678);
(0123678);
(01235678);
(01234678);
(012345678);
(0125);
(01236);
(02347);
(012347);
(03458);
(023458);
(013458);
(0123458);
(01258);
(012369);
(012469);
(0123469);
(012569);
(0123569);
(0124569);
(01234569);
(01257);
(012368);
(012479);
(0123479);
(012579);
(0123579);
(0124579);
(01234579);
(012578);
(0123679);
(0124679);
(01234679);
(0125679);
(01235679);
(01245679);
(012345679);
(01256);
(012367);
(014568);
(0123478);
(012569);
(0145679);
(0134589);
(01234589);
(012568);
(0123679);
(0124689);
(01234689);
(0125689);
(01235689);
(01245689);
(012345689);
(012567);
(0123678);
(0125679);
(01234789);
(0125679);
(01235789);
(01245789);
(012345789);
(0123678);
(01236789);
(01235789);
(012356789);
(01234789);
(012346789);
(012345789);
(0123456789);
(0124);
(01235);
(02346);
(012346);
(02347);
(023457);
(013457);
(0123457);
(01248);
(023458);
(023468);
(0234568);
(014568);
(0134568);
(0124568);
(01234568);
(01247);
(012358);
(023469);
(0123469);
(012479);
(0234579);
(0234679);
(02345679);
(012478);
(0145679);
(0135679);
(01345679);
(0125679);
(01245679);
(01235679);
(012345679);
(01246);
(012357);
(023468);
(0123468);
(012469);
(0234579);
(0134579);
(01234579);
(012468);
(0123579);
(012468T);
(0123468T);
(0124689);
(0134568T);
(0124568T);
(01234568T);
(012467);
(0123578);
(0135679);
(01234689);
(0124679);
(0123578T);
(0124578T);
(01234578T);
(0124678);
(01235789);
(0124678T);
(01245678T);
(01235789);
(01235678T);
(01234678T);
(012345678T);
(01245);
(012356);
(013457);
(0123467);
(013458);
(0134568);
(0134578);
(01234578);
(012458);
(0123569);
(0134579);
(01345679);
(0124589);
(01345689);
(01245689);
(012345689);
(012457);
(0123568);
(0234679);
(01234679);
(0124579);
(0123568T);
(0134578T);
(01234578T);
(0124578);
(01235689);
(0124578T);
(01234679T);
(01245789);
(01245679T);
(01235679T);
(012345679T);
(012456);
(0123567);
(0124568);
(01234678);
(0124569);
(01245679);
(01245689);
(012345789);
(0124568);
(01235679);
(0124568T);
(01234678T);
(01245689);
(01235679T);
(01245689T);
(012345689T);
(0123567);
(01235678);
(01235679);
(012346789);
(01245679);
(01235678T);
(01245679T);
(012345789T);
(01234678);
(012356789);
(01245678T);
(012346789T);
(012345789);
(012356789T);
(012345689T);
(0123456789T);
(0123);
(01234);
(01235);
(012345);
(01236);
(012346);
(012356);
(0123456);
(01237);
(012347);
(012357);
(0123457);
(012367);
(0123467);
(0123567);
(01234567);
(01237);
(012348);
(012358);
(0123458);
(012368);
(0123468);
(0123568);
(01234568);
(012378);
(0123478);
(0123578);
(01234578);
(0123678);
(01234678);
(01235678);
(012345678);
(01236);
(012347);
(023458);
(0123458);
(012369);
(0123469);
(0123569);
(01234569);
(012368);
(0123479);
(0123579);
(01234579);
(0123679);
(01234679);
(01235679);
(012345679);
(012367);
(0123478);
(0145679);
(01234589);
(0123679);
(01234689);
(01235689);
(012345689);
(0123678);
(01234789);
(01235789);
(012345789);
(01236789);
(012356789);
(012346789);
(0123456789);
(01235);
(012346);
(023457);
(0123457);
(023458);
(0234568);
(0134568);
(01234568);
(012358);
(0123469);
(0234579);
(02345679);
(0145679);
(01345679);
(01245679);
(012345679);
(012357);
(0123468);
(0234579);
(01234579);
(0123579);
(0123468T);
(0134568T);
(01234568T);
(0123578);
(01234689);
(0123578T);
(01234578T);
(01235789);
(01245678T);
(01235678T);
(012345678T);
(012356);
(0123467);
(0134568);
(01234578);
(0123569);
(01345679);
(01345689);
(012345689);
(0123568);
(01234679);
(0123568T);
(01234578T);
(01235689);
(01234679T);
(01245679T);
(012345679T);
(0123567);
(01234678);
(01245679);
(012345789);
(01235679);
(01234678T);
(01235679T);
(012345689T);
(01235678);
(012346789);
(01235678T);
(012345789T);
(012356789);
(012346789T);
(012356789T);
(0123456789T);
(01234);
(012345);
(012346);
(0123456);
(012347);
(0123457);
(0123467);
(01234567);
(012348);
(0123458);
(0123468);
(01234568);
(0123478);
(01234578);
(01234678);
(012345678);
(012347);
(0123458);
(0123469);
(01234569);
(0123479);
(01234579);
(01234679);
(012345679);
(0123478);
(01234589);
(01234689);
(012345689);
(01234789);
(012345789);
(012356789);
(0123456789);
(012346);
(0123457);
(0234568);
(01234568);
(0123469);
(02345679);
(01345679);
(012345679);
(0123468);
(01234579);
(0123468T);
(01234568T);
(01234689);
(01234578T);
(01245678T);
(012345678T);
(0123467);
(01234578);
(01345679);
(012345689);
(01234679);
(01234578T);
(01234679T);
(012345679T);
(01234678);
(012345789);
(01234678T);
(012345689T);
(012346789);
(012345789T);
(012346789T);
(0123456789T);
(012345);
(0123456);
(0123457);
(01234567);
(0123458);
(01234568);
(01234578);
(012345678);
(0123458);
(01234569);
(01234579);
(012345679);
(01234589);
(012345689);
(012345789);
(0123456789);
(0123457);
(01234568);
(02345679);
(012345679);
(01234579);
(01234568T);
(01234578T);
(012345678T);
(01234578);
(012345689);
(01234578T);
(012345679T);
(012345789);
(012345689T);
(012345789T);
(0123456789T);
(0123456);
(01234567);
(01234568);
(012345678);
(01234569);
(012345679);
(012345689);
(0123456789);
(01234568);
(012345679);
(01234568T);
(012345678T);
(012345689);
(012345679T);
(012345689T);
(0123456789T);
(01234567);
(012345678);
(012345679);
(0123456789);
(012345679);
(012345678T);
(012345679T);
(0123456789T);
(012345678);
(0123456789);
(012345678T);
(0123456789T);
(0123456789);
(0123456789T);
(0123456789T);
(0123456789TE);